166.64
190.94
157.58
381.5
282.25
327.11
502.23
577.97
419.95
331.89
501.96
500.63
523.64
662.77
665.22
833.01
830.97
1149.29
846.15
1159.21
677.17
830.7
914.92
750.51
1074.78
971.8
969.46
1039.28
1101.36
1357.8
1228.59
1204.14
1335.9
1347.1
1519.34
1613.04
1624.93
1731.95
1450.42
1811.61
1825.15
1966.43
2069.84
1907.83
1683.13
1680.39
1468.04
1662.24
1860.19
1955.41
1832.87
1974.88
1865.98
1832.79
2029.33
1957.58
2168.93
2154.65
2204.85
2263.93
2293.02
2326.05
2309.92
2340.96
2658.29
2490.48
2658.85
2495.38
2915.1
2766.66
2854.45
2957.63
2998.45
3089.04
3054.95
2903.41
3250.86
3178.62
3398.9
3553.76
3355.72
3577.29
3560.12
3647.03
3590.92
4075.94
3654.74
3884.31
4228.41
4102.13
4053.09
4213.11
3154.59
3277.48
3150.94
3126.95