333.35
522.92
293.17
348.09
498.83
585.68
580.81
816.33
513.36
672.52
650.94
819.13
831.96
1072.3
1112.73
1203.21
1103.7
1180.62
1303.08
1655.71
1186.92
1145.89
1026.9
1450.75
1223.36
1276.48
1514.63
1473.49
1672.8
1780.48
1898.26
2003.09
1943.49
2047.81
2103.7
2314.15
2463.29
2340.69
2607.73
2557.24
3066.66
2712.17
3046.12
3236.14
1770.82
1993.05
2053.01
2097.98
2519.93
2265.92
2327.8
2808.52
2712.37
2777.57
3121.48
3343.57
3386.76
3044.08
3238.45
2961.77
3323.19
3421.85
3466.27
3778.75
3630.41
3893.79
4177.79
3749.45
3892.06
3850.29
3847.62
4180.15
4211.08
4263.95
4488.17
4323.43
4628.4
4689.03
4706.94
5001.25
4859.52
5021.65
5185.79
5710.71
5356.81
6096.32
5478.81
5941.12
5937.94
6078.96
6082.9
6382.4
4000.38
3944.79
3881.8
4051.98