0
166.88
177.66
156.81
0
194.59
184.28
124.88
329.19
167.27
328.99
171.44
330.14
361.08
303.08
333.9
362.61
304.73
329.67
366.72
467.71
478.26
516
530.21
468.83
652.47
496.19
638.1
495.49
671.96
663.58
669.22
523.26
675.58
653.54
660.45
666.67
822.71
825.78
756.39
748.39
833.64
843.67
836.49
802.88
812.68
835.35
902.83
989.34
1030.08
1060.84
1189.12
1288.31
1169.15
1136.71
1130.7
1205.23
1245.06
1208.68
1180.36
1485.42
1318.94
1177.7
1363.03
1200.19
1544.95
1414.07
1511.9
1485.94
1502.2
1433.15
1348.54
1412.71
1658.03
1491.39
1684.28
1493.32
1636.34
1526.42
1677.97
1467.4
1620.33
1668.6
1527.26
1484.46
1654.8
1756.51
1554.76
1678.25
1837.63
1649.85
1654.49
1864.58
1796.22
1826.58
1698.32