0
189.8
158.96
328.35
163.84
166.15
333.35
331.05
331.59
502.83
504.25
658.16
339.93
498.02
497.41
500.6
500.88
711.44
616.2
645.15
675.78
702.3
779.34
671.56
942.91
877.09
940.44
1215.67
660.07
972.68
705.43
970.58
884.28
945.78
981.99
985.9
837.41
1214.23
1216.4
1182.01
1164.68
1349.19
1113.91
1182.67
1971.95
1350.52
1493.35
1480.56
1480.49
1472.99
1639.9
1706.61
1796.86
1968.53
1866.47
1790.62
1980.99
1955.97
2032.57
2212.32
1610.28
1821.48
1657.23
1660.62
1651.52
1984.74
1675.81
1673.05
1829.74
1828.32
2113.88
1873.47
1989.45
2009.01
2032.74
2170.64
2097.54
2206.25
2130.11
2056.65
2128.47
2546.5
2299.11
2290.33
2408.99
2404.64
2578.32
2414.79
2587.68
2571.03
2713.34
2773.46
2701.68
2630.2
2861.57
2899.74