236.76
263.8
366.67
369.33
282.24
329.04
389.57
445.71
556.93
524.66
873.11
801.44
657.69
515.32
666.91
730.36
749.89
674.25
996.93
900.78
971.83
1059.52
959.98
1254.68
1477.1
1351.43
1441.84
1556.73
1056.44
1079.49
1028.75
1306.41
1359.02
1323.95
1338.93
1521.29
1815.18
1849.24
1826.21
1804.86
1657.62
1814.62
1671.58
1998.24
1839.97
2165.18
2183.2
2110.9
2160.33
2164.27
2479.73
2361.65
2548.16
2466.73
2765.25
2551.92
2631.17
2877.76
3028.76
2914.07
1945.3
2111.14
2153.99
2252.92
2238.61
2162.08
2312.5
2361.57
2495.38
2512.23
2509.12
2476.27
2694.84
2477.75
2693.37
2765.85
3246.32
2912.47
3052.5
3154.25
2955.86
3259.76
3058.29
3511.64
3270.98
3363.81
3537.39
3610.6
3354.63
3851.63
3742.35
3664.09
4169.55
3860.23
3974.81
4068.85