167.33
181.25
180.88
307.37
179.77
376.53
291.93
330.82
486.61
457.19
563.23
515.09
487.12
497.69
513.72
456.31
670.31
665.39
665.14
826.03
823.39
932.87
883.68
885.93
918.61
981.96
999.52
1016
883.35
945.98
935.59
979.04
1117.29
1108.64
1226.5
1109.79
1256.38
1238.32
1165.66
1338.96
1484.37
1482.33
1521.24
1396.77
1429.84
1648.59
1661.78
1505.4
1976.05
1876.39
1792.72
1816.31
2036.17
1805.1
2349.6
1963.13
2142.66
2042.34
2300.42
2389.51
1797.47
1977.03
1874.25
2628.79
2209.72
1943.19
2190.62
1974.62
2132.4
2403.17
2265.19
2340.88
2308.16
2383.32
2452.05
2379.95
2471.6
2532.96
2798.97
2508.27
2661.74
2637
2837.81
2634.08
2857.98
2798.57
3081.42
2759.05
3025.11
3002.77
3102.95
3093.51
3073.76
3181.11
3168.63
3124.61