0
0
21.58
0
167.77
0
168.76
172.6
135.15
3.8
166.77
171.97
162.63
330.48
171.16
306.21
278.09
241.42
164.24
332.9
310.82
192.88
332.16
192.18
502.61
481.32
345.24
500.5
336.2
497.3
337.61
542.62
453.31
494.61
501.18
597.4
548.04
510.43
497.47
498.24
670.93
498.26
665.33
667.08
666.41
665.13
947.13
552.58
667.03
666.19
830.33
667.55
665.42
664.72
817.78
718.22
620.41
832.92
886.78
788.16
1309.65
960.9
972.39
986.53
999.06
1008.43
1019.52
1045.41
985.66
1164.15
1166.33
1347.66
1106.13
1130.17
1186.24
1103.42
1223.83
1188.19
1162.4
1495.62
1357.41
1144.7
1317.74
1163.22
1363.23
1219.99
1228.07
1341.05
1641.1
1191.39
1363.27
1301.93
1304.47
1511.83
1485.59
1503.5