166.17
0
0
187.88
90.11
78.91
44.36
117.24
166.92
140.38
22.84
168.66
263.26
68.41
309.7
238.48
130.57
312.5
166.25
332.25
171
382.55
355.72
381.27
277.3
332.66
431.77
409.22
496.32
496.3
330.75
378.16
450.68
521.14
311.64
498.23
654.25
504.7
497.2
486.63
501.3
493.71
669.65
490.07
655.57
659.96
659.79
815.69
913.47
742.75
673.59
675.42
666.9
828.38
651.93
832.23
676.06
856.53
824.99
816.17
819.91
825.28
911.1
930.57
944.67
868.53
891.02
902.68
961.07
1060.61
1028.48
1127.49
1325.62
1325.15
999.03
997.07
1003.26
1155.57
992.05
1106.4
1095.33
1080.03
1095.42
1263.54
1160.32
1149.2
1174.01
1164.55
1165.37
1126.76
1131.11
1059.34
1486.49
1501.72
1346.93
1294.37