156.29
203.43
166.85
174.5
209.04
118.79
330.67
323.21
190.58
320.2
502.85
319.47
498.83
480.3
370.38
648.79
513.06
479.64
833.91
695.29
681.37
677.66
647.01
833.77
824.68
678.22
868.77
817.98
860.55
964.26
940.92
911.31
984.32
983.84
985.18
1109.53
1055.86
1094.69
1121.04
1157.09
1039.42
1328.47
1158.73
1171.94
1327.9
1438.64
1231.58
1335.24
1471
1503.76
1487.89
1505.02
1659.28
1648.35
1848.11
1485.99
1774.75
1521.94
1826.23
1610.36
1926.94
1572.11
1984.39
1986.44
1970.51
1899.66
2009.79
1832.66
2043.32
2096.46
2000.04
2191.7
1975.12
2219.79
2275.34
2247.28
2094.15
2296.43
2249.06
2410.06
2343.04
2321.96
2518.78
2392.97
2529.99
2335.49
2346.13
2508.48
2477.93
2742.44
2554.76
2694.6
2623.93
2728.5
2776.06
2869.3