0
0
183.62
167.66
159.77
217.97
124.44
168.64
24.21
176.9
184.04
163.87
168.21
343.07
287.27
191.8
335.65
330.49
321.78
333.28
328.97
356.46
310.94
496.05
335.94
498.36
339.63
479.32
334.04
517.05
501.85
621.67
543.72
499.35
830.05
827.86
476.49
803.4
541.98
665.14
664.69
688.85
666.08
816.48
670.75
685.61
855.57
642.1
969.22
927.67
835.74
739.5
925.28
869.6
863.06
779.1
1007.22
922.37
952.04
919.49
1066.23
1207.94
1102.13
942.49
995.41
1083.49
1151.26
1166.01
1167.42
1156.71
1166.96
1178.38
1327.29
1254.62
1239.91
1161.85
1323.91
1297.33
1351.88
1504.91
1335.81
1474.9
1344.2
1326.04
1478.87
1355.52
1347.19
1492.89
1580.27
1408.89
1442.19
1427.85
1700.83
1428.82
1806.41
1543.78