156.32
156.3
72.14
205.11
305.17
150.84
167.95
368.72
281.37
171.22
333.68
329.09
499.34
375.86
289.44
497.99
499.47
499.28
500.61
505.72
494.9
663.54
547.3
617.53
665.39
504.54
823.04
666.4
740.66
760.57
820.93
666.4
819.22
1035.48
839.78
860.25
871.46
927.98
928.01
937.54
1040.11
997.85
1010.94
1010.52
1247.02
1136.2
1090.05
1165.04
1166.43
1064.75
1318.88
1154.58
1312.15
1318.13
1327.59
1326.07
1336.87
1318.08
1519.48
1379.86
1385.31
1498.92
1299.55
1492.56
1634.68
1507.19
1675.06
1640.18
1515.71
1750.31
1550.27
1687.05
1837.01
1805.54
1823.32
1871.41
1740.56
1733.42
2019.13
2006.39
1941.55
1853.25
2135.48
1834.88
2141.4
2022.26
2041.87
2119.26
2146.88
2189.93
2299.26
2249.57
2254.96
2338.65
2330.31
2746.42