85.57
11.94
179.57
323.29
172.74
240.78
188.94
334.56
329.99
336.53
333.64
824.68
504.25
326.03
499.02
499.66
667.11
505.8
574.61
586.1
659.42
845.49
843.38
794.2
670.47
915.65
832.94
740.03
897.42
865.82
870.25
879.58
764.79
1066.07
1029.34
1155.52
927.26
1200.95
1098.49
1141.75
1239.89
1107.4
1156
1166.07
1719.94
1267.21
1329.1
1493.47
1442.41
1324.86
1657.07
1760.94
1708.4
1361.34
1836.67
1647.65
1816.38
1957.2
1853.92
1930.12
1825.63
1561.76
1699.68
2137.04
1822.41
1999.02
1833.3
1871.82
2059.71
2055.42
1995.1
2036.64
2159.43
2106.58
2274.49
2071.83
2191.13
2281.53
2329.9
2484.45
2318.96
2306.92
2405.01
2324.77
2764.43
2389.23
2619.95
2391.55
2924.93
2560.88
2635.83
2672.01
2955.49
2681.72
2787.91
2718.59