166.37
178.4
468.98
387.57
317.24
500.54
499.15
664.26
664.11
652.39
733.53
780.37
853.85
794.38
991.19
969.3
977.29
1026.63
1086.31
1083.12
1163.24
1331.68
1332.26
1328.21
1327.59
1514.01
1474.16
1514.46
1635.9
1735.6
1631
1839.03
1827.23
1621.43
2036.42
1814.4
1969.68
2468.17
2019.24
2353.24
2165.75
2219.89
2265.95
2244.5
2376.13
2324.69
2513.24
2568.96
2410.74
2712.76
2450.2
2668.89
2646.51
2715.01
2760.39
2722.02
3105.66
2835.49
3067.33
3204.91
3062.45
3221.67
3056.49
3432.21
3505.88
3211.44
3602.27
3496.07
3557.7
3608.21
3767.2
3583.21
3771.09
3618.13
3860.45
3890.62
3822.01
3869.78
4032.26
4050.94
4360.59
4266.69
4387.46
4186.48
4412.04
4508
4532.46
4535.58
4514.29
4468.16
4680.35
4685.85
4891.68
4721.35
4980.97
4898.4