321.02
197.58
366.74
301.7
332.38
473.51
525.17
474.1
537.07
466.77
669.44
634.07
847.87
650.39
833.74
804.26
849.61
873.06
912.62
1011.4
1058.21
1066.98
1108.35
1125.48
1134.09
1326.96
1166.84
1201.77
1446.12
1339.77
1503.64
1339.14
1479.09
1453.34
1629.58
1515.81
1821
1711.31
1608.63
1900.43
1779.52
1955.37
1877.45
1960.23
1989.78
2628.64
2027.41
2365.34
2107.73
2249.11
2227.86
2182.25
2492.3
2314.22
2523.36
2461.08
2696.24
2591.67
2532.2
2613.05
2722.77
2725.38
2757.64
2707.03
2950.3
2978.81
2806.72
2811.52
3048.96
3052.43
3003.23
3275.03
3257.71
3080.48
3199.3
3230.18
3113.12
3058.64
3358.61
3416.73
3566.25
3611.9
3445.62
3696.63
3663
3728.4
3740.47
3992.29
3851.4
3917.34
4013.58
3954.43
4048.25
4245.95
4060.3
4193.31