166.44
182.4
370.44
299.02
330.99
334.08
658.31
503.94
533.47
469.47
665.47
662.86
671.26
706.25
792.77
858.85
880.4
920.82
881.32
1011.43
1019.42
1007.74
1117.86
1166.95
1090.13
1327.19
1247.17
1256.17
1337.49
1484.94
1332.42
1596.06
1402.04
1660.45
1537.66
1617.06
1654.58
1696.82
1788.4
1825.57
1879.32
1963.66
1967.78
2083.63
1926.97
2030.84
2268.7
2206.92
2293.14
1997.33
2467.84
2345.3
2340.14
2497.46
2499.9
2510.09
2482.66
2606.49
2547.12
2853.74
2621.68
3135.57
2827.29
2729.98
2913.4
2869.27
2937.01
2836.42
3321.06
3070.77
3212.65
2954.25
3025.38
3206.85
3197.91
3230.97
3512.67
3243.25
3414.81
3796
3514.02
3489.07
3615.17
3569.54
3631.17
3914.19
3546.48
3738
3863.42
3824.87
3868.51
4040.53
4057.86
4246.9
3943.45
4199.23