0.972214
0.923603
1.06943
0.97829
0.939806
0.919864
0.900082
0.926304
0.943759
0.932057
0.941713
0.925339
0.922806
0.919184
0.924288
0.919765
0.917001
0.930386
0.926274
0.915501
0.926009
0.937361
0.944186
0.941203
0.949716
0.95601
0.952918
0.958631
0.958423
0.960893
0.959337
0.957256
0.957721
0.958157
0.953452
0.947356
0.951802
0.945033
0.942182
0.937988
0.93497
0.936346
0.941342
0.940257
0.93702
0.936939
0.933914
0.93349
0.935503
0.931112
0.929219
0.933857
0.929004
0.931278
0.934904
0.936636
0.937269
0.93754
0.933125
0.934442
0.938299
0.939171
0.941578
0.939601
0.940109
0.939111
0.936086
0.936913
0.938286
0.9399
0.94036
0.9419
0.939627
0.940869
0.941816
0.940927
0.940317
0.939471
0.940635
0.940297
0.940938
0.941323
0.941699
0.940897
0.943347
0.945512
0.946047
0.946347
0.945538
0.946055
0.944621
0.944071
0.947117
0.949473
0.947237
0.947704
0.946948
0.946608
0.947265
0.946732
0.946792
0.947428
0.9471
0.947908
0.949075
0.94874
0.949327
0.94555
0.946336
0.94319
0.945041
0.946859
0.947952
0.947822
0.948887
0.947571
0.947113
0.945005
0.945729
0.947093
0.948272
0.950876
0.949778
0.949171
0.949356
0.948607
0.949102
0.94959
0.949615
0.949639
0.948767
0.950576
0.951622
0.949879
0.949321
0.948627
0.948943
0.949113
0.950687
0.949864
0.94933
0.949079
0.949105
0.949266
0.950639
0.950252
0.94987
0.950418
0.950172
0.949928
0.948264
0.947522
0.947301
0.947718
0.94712
0.947157
0.94657
0.946609
0.944682
0.945221
0.945511
0.945315
0.94644
0.946479
0.946398
0.945731
0.946826
0.946048
0.946203
0.946127
0.946737
0.946659
0.945339
0.946056
0.945201
0.944912
0.945618
0.945988
0.945262
0.946064
0.946209
0.945387
0.945107
0.945361
0.946035
0.945546
0.94548
0.945727
0.945764
0.946007
0.945531
0.943942
0.943381
0.944134
0.943378
0.943824
0.943473
0.942633
0.942782
0.943906