0.95
0.9625
0.957955
0.960938
0.960119
0.953365
0.952016
0.954861
0.957012
0.952989
0.94902
0.95
0.951844
0.954735
0.952993
0.95148
0.947685
0.949419
0.950412
0.952865
0.953589
0.954717
0.956419
0.955065
0.954855
0.955952
0.956107
0.95579
0.95594
0.957192
0.957285
0.957372
0.955668
0.955497
0.956871
0.955469
0.956077
0.954772
0.954777
0.955166
0.954975
0.954126
0.953673
0.953183
0.952602
0.951881
0.951948
0.951589
0.951919
0.951423
0.951145
0.95166
0.951341
0.951833
0.951338
0.951359
0.951335
0.951136
0.950515
0.950084
0.949917
0.949387
0.949719
0.949723
0.95
0.95
0.949773
0.949479
0.948864
0.949061
0.949217
0.949052
0.948373
0.948497
0.948686
0.948471
0.948425
0.948575
0.94837
0.948422
0.948753
0.949261
0.949118
0.948948
0.948783
0.94912
0.949072
0.949484
0.949632
0.949552
0.949085
0.948958
0.94897
0.948712
0.948859
0.94937
0.94961
0.949537
0.949669
0.949773
0.950175
0.950099
0.950049
0.950097
0.950312
0.950238
0.950165
0.950023
0.950046
0.94929
0.949025
0.949528
0.949666
0.949492
0.949518
0.94924
0.948924
0.94904
0.948985
0.949224
0.949355
0.949092
0.948752
0.948722
0.948792
0.948862
0.948712
0.948447
0.948342
0.948355
0.948579
0.948647
0.948657
0.948255
0.948081
0.94767
0.947742
0.947941
0.947648
0.947827
0.947807
0.947698
0.947662
0.947888
0.947764
0.947831
0.947982
0.948166
0.948144
0.947973
0.94767
0.947817
0.947733
0.94765
0.947714
0.947761
0.947711
0.947774
0.947709
0.947833
0.947612
0.947736
0.947858
0.947947
0.947701
0.947639
0.947623
0.947518
0.947444
0.947414
0.947767
0.947824
0.947938
0.947878
0.948091
0.947817
0.947801
0.947644
0.94784
0.947768
0.947836
0.94782
0.947777
0.947967
0.947747
0.947719
0.947865
0.947903
0.948061
0.947886
0.947963
0.947921
0.947737
0.947723
0.947644
0.947682
0.947579
0.947693
0.947566
0.94754