2.93234
2.21428
13.2256
3.57566
0.498743
2.61018
4.70458
1.92836
0.0803185
1.31922
0.296915
2.03047
2.29865
2.68216
2.14179
2.62059
2.9132
1.49615
1.9315
3.07205
1.9595
0.757692
0.0350835
0.350851
0.55043
1.2168
0.889403
1.49431
1.4723
1.73381
1.56899
1.34876
1.39794
1.44416
0.945922
0.300543
0.771325
0.054657
0.24725
0.691303
1.01084
0.865168
0.336132
0.451089
0.793722
0.802378
1.12258
1.16751
0.954321
1.41928
1.61965
1.12867
1.64244
1.40166
1.01784
0.834392
0.767368
0.738678
1.20618
1.06673
0.658328
0.566019
0.311192
0.520458
0.466677
0.572416
0.892643
0.805089
0.659732
0.488826
0.440092
0.277072
0.517751
0.386248
0.286034
0.380115
0.44471
0.534298
0.410991
0.446757
0.378954
0.338175
0.298388
0.383274
0.123851
0.10532
0.161999
0.193768
0.108115
0.162855
0.010974
0.0472851
0.275297
0.52469
0.288001
0.337402
0.257378
0.22136
0.290894
0.234512
0.240891
0.308171
0.273418
0.359027
0.482506
0.447087
0.509258
0.109377
0.192547
0.140553
0.0554605
0.247949
0.363614
0.349934
0.46268
0.323286
0.274874
0.051635
0.128256
0.272674
0.397562
0.673259
0.556974
0.492705
0.512348
0.43302
0.485449
0.537054
0.53968
0.542265
0.449942
0.641463
0.752225
0.567673
0.508593
0.43516
0.46861
0.486567
0.653226
0.566075
0.509534
0.482954
0.485702
0.502787
0.648122
0.607142
0.566722
0.624749
0.598647
0.572894
0.396718
0.318181
0.294779
0.33887
0.275586
0.27944
0.217347
0.221522
0.0174372
0.0745404
0.10523
0.0844554
0.203549
0.207656
0.199175
0.128488
0.244451
0.162027
0.178497
0.170439
0.235048
0.226754
0.0870511
0.162909
0.0724471
0.0417696
0.116593
0.155718
0.0788799
0.163731
0.179095
0.0920389
0.0624325
0.0893351
0.16065
0.108921
0.101972
0.128089
0.132051
0.157732
0.107378
0.0608855
0.120289
0.0405553
0.120653
0.0733734
0.110517
0.19948
0.183679
0.0646907