0.580489
1.90392
1.42267
1.73849
1.65183
0.936796
0.793945
1.09515
1.3229
0.89696
0.47669
0.580489
0.775748
1.08179
0.897366
0.73721
0.335409
0.518934
0.624118
0.883774
0.960483
1.0799
1.26009
1.1167
1.09455
1.21069
1.22705
1.19355
1.20935
1.34191
1.35176
1.36097
1.18055
1.16248
1.30799
1.15949
1.22392
1.08567
1.0863
1.12742
1.10723
1.01735
0.969363
0.917472
0.855953
0.779588
0.786737
0.748721
0.78367
0.731123
0.701759
0.756256
0.722465
0.774525
0.72211
0.724339
0.72178
0.7008
0.635063
0.589431
0.571695
0.515615
0.550701
0.551172
0.580489
0.580489
0.556499
0.525346
0.460177
0.48104
0.497539
0.480116
0.408186
0.421388
0.441368
0.41858
0.413758
0.429632
0.407868
0.413389
0.448476
0.502256
0.487108
0.469142
0.451604
0.487289
0.482229
0.525852
0.541476
0.533011
0.483652
0.470203
0.471399
0.44417
0.459666
0.513761
0.539217
0.531473
0.545449
0.556475
0.59898
0.59095
0.585668
0.590748
0.613511
0.605649
0.597935
0.582958
0.585381
0.505349
0.477208
0.530503
0.545103
0.52671
0.529498
0.500072
0.466596
0.47886
0.473002
0.498329
0.512225
0.484398
0.448362
0.445138
0.452621
0.459985
0.444161
0.416101
0.404995
0.406353
0.430053
0.437252
0.438335
0.395686
0.377339
0.333814
0.341455
0.36249
0.331508
0.35041
0.348275
0.336798
0.332928
0.356837
0.343703
0.350803
0.366857
0.38629
0.384028
0.365831
0.333778
0.349414
0.340498
0.331698
0.338461
0.343431
0.338171
0.344764
0.337888
0.35105
0.327699
0.340761
0.353662
0.363161
0.337081
0.330543
0.328862
0.317703
0.309823
0.30673
0.344107
0.350126
0.362223
0.355842
0.378404
0.349342
0.347649
0.331039
0.351748
0.344162
0.351349
0.349692
0.345148
0.365215
0.341955
0.338956
0.354468
0.358503
0.375153
0.356653
0.364788
0.360379
0.340867
0.339367
0.331068
0.335058
0.324167
0.336205
0.322747
0.320055