0
161.17
35.71
150.76
0
19.32
175.49
315.23
156.48
194.64
163.79
161.35
339.09
177.13
359.22
300.36
309.17
316.93
337.73
318.65
336.17
359.34
312.2
489.39
326.92
504.21
331.82
676.44
529.07
463.19
559.81
616.38
538.83
627.61
502.74
855.85
631.01
670.1
534.32
639.86
656.25
704.78
841.92
613.06
828.83
821.01
681.54
829.12
776.46
887.09
1055.09
918.28
852.8
875.82
944.43
974.7
1004.32
965.38
987.38
1038.32
1055.02
1093.26
1096.39
1049.67
991.02
1069.21
1155.69
1149.89
1165.94
1181.89
1318.68
1174.61
1332.58
1171.66
1317.35
1490.21
1180.82
1327.02
1576.2
1412.96
1342.01
1489.66
1333.38
1502.56
1485.46
1507.44
1501.53
1502.76
1641.92
1623.87
1551.62
1496.06
1653.98
1690.89
1639.08
1722.61