166.49
0
180.35
0
166.65
163.52
172.13
309.02
217.14
128.79
333.87
163.88
335.19
283.16
372.4
361.34
309.7
334.5
329.99
333.77
359.58
472.95
395.87
447.41
502.33
503.29
497.58
531.16
460.93
660.01
511.36
644.74
521.28
662.77
654.83
666.91
673.89
666.93
828.11
671.58
669.35
672.61
935.33
727.35
1037.81
813.15
894.88
747.33
1035.29
910.59
931.8
930.04
940.48
1044.49
1057.98
1010.14
1088.86
1086.83
1076.08
1099.49
1134.24
1108.2
1150.22
1170.99
1331.78
1227.95
1175.9
1187.59
1209.52
1321.18
1269.75
1231.12
1630.29
1422.5
1258.21
1510.05
1321.28
1339.51
1518.2
1554.28
1383.91
1495.31
1337.64
1818.16
1486.36
1526.57
1660.31
1494.21
1671.89
1664.63
1651.09
1660.42
1843.34
1809.84
1822.84
1676.14