165.31
0
264.1
84.9
162.74
220.31
114.65
374.17
127.24
338.18
164.81
332.65
354.35
307.29
480.82
343.13
346.88
334.71
352.71
501.52
490.43
492.48
665.48
672.78
487.55
667.66
663.81
665.72
650.58
673.29
665.95
664.97
847.69
756.28
795.5
843.49
820.06
826.61
947.97
880.79
929.49
923.25
941.05
949.66
1030.75
1038.88
1086.09
1128.93
1168.94
1083.99
1116.39
1108.65
1327.62
1024.6
1166.62
1166.55
1337.93
1328.5
1321.39
1337.54
1328.03
1342.19
1477.4
1346.33
1453.93
1533.69
1487.15
1496.02
1664.77
1505.65
1493.09
1674.29
1673.66
1639.29
1686.77
1828.34
1650
1851.93
1642.5
1825.83
1862.82
1822.29
1812.32
1888.64
1979.39
1913.84
1783.28
2062.22
1998.74
2004.2
2003.9
2003.72
2044.45
2179.33
2004.64
2152.74