166.64
180.26
182.58
151.54
165.37
165.53
327.25
168.95
334.23
386.61
283.65
490.06
504.64
542.78
465.85
631.21
525.56
501.17
605.26
960.06
496.89
667.59
500.37
732.05
599.26
831.17
702.26
849.77
784.48
914.15
992.95
833.42
840.01
830.72
1001.59
832.85
1003.52
1147.22
1016.06
1148.72
1055.55
1048.73
1040.89
1200.33
1135.52
1168.4
1326.18
1327.99
1330.2
1327.97
1342.76
1336.62
1318.38
1533.96
1299.13
1553.27
1440.92
1624.04
1387.04
1650.17
1515.86
1638.99
1664.72
1851.69
1648.49
1830.63
1674.31
1816.44
1831.08
1979.89
1841.91
1946.28
1889.66
1865.25
2004.04
2004.54
2035.66
2077.75
2149.78
2030.07
2148.78
2197.31
2129.39
2336.13
2172.65
2449.25
2273.84
2249.24
2365.02
2397.83
2516.33
2362.32
2364.72
2469.87
2835.57
2456.79