0
156.31
160.17
156.34
156.29
312.59
156.28
316.52
156.34
312.58
387.71
241.47
312.61
472.79
424.14
357.72
472.81
468.89
472.91
625.21
624.01
468.89
472.87
713.86
781.51
472.85
882.14
528.98
785.42
629.16
811.55
750.43
941.8
780.34
785.44
785.38
781.51
1098.01
941.7
1060.38
946.23
926.04
999.62
930.03
1050.99
1049.41
1086.63
1037.57
1228.9
1222.19
1109.08
1165.84
1165.84
1167.95
1366.82
1120.6
1323.16
1340.64
1548.61
1454.88
1570.71
1250.44
1312.1
1497.91
1486.75
1690.94
1470.5
1532.85
1463.62
1534.45
1613.57
1515.22
1643
1696.92
1627.85
1667.08
1825.57
1681.76
1979.19
1747.12
1766.77
1817.18
1832.48
1833.34
2001.92
1838.53
1742.53
2080.4
1970.99
1990.6
2155.57
2013.32
2176.57
2030.07
2231.58
2059.11