80.01
119.99
165.12
170.01
179.99
180.01
210.05
210.03
235.12
230.01
280.05
315.15
330.01
380.01
325.14
350.03
400.02
415.18
470.03
475.11
480.05
485.13
520.06
505.11
590.03
581.35
761.03
700.03
702.82
685.12
685.14
710.05
770.71
765.12
725.13
860.05
805.19
825.17
855.15
865.15
995.17
1005.13
965.19
945.05
996.76
995.17
1035.16
1085.15
1145.19
1125.17
1520.31
1335.17
1155.19
1195.15
1209.77
1195.18
1215.17
1315.18
1310.25
1623.07
1400.31
1365.18
1515.17
1590.23
1430.27
1513.81
1960.29
1520.25
1545.2
1770.29
1515.56
1640.29
1580.3
1705.23
1736.61
1720.24
1685.19
1690.42
1730.25
1857.38
1800.27
1772.02
1860.32
1911.49
2170.45
2403.45
1960.29
1920.31
1988.98
2000.13
2090.32
2032.35
2070.17
2110.94
2150.45
2222.31